EXE  size=5.9103 bl=11.023 ink 2.7,6.723 -> 13.3,11.023  w=10.6 h=4.3
  d="M5.58 11.02L2.7 11.02 2.7 6.72 5.58 6.72 5.58 7.45 3.58 7.45 3.58 8.49 5.43 8.49 5.43 9.21 3.58 9.21 3.58 10.29 5.58 10.29 5.58 11.02ZM6.95 11.02L5.93 11.02 7.47 8.82 6.07 6.72 7.09 6.72 7.56 7.44Q7.71 7.68 7.8 7.86 7.89 8.04 7.97 8.21 8.06 8.04 8.15 7.86 8.24 7.68 8.39 7.44L8.87 6.72 9.87 6.72 8.48 8.8 10 11.02 8.95 11.02 8.36 10.12Q8.21 9.89 8.13 9.75 8.05 9.61 7.96 9.45 7.88 9.6 7.8 9.75 7.72 9.89 7.57 10.12L6.95 11.02ZM13.3 11.02L10.42 11.02 10.42 6.72 13.29 6.72 13.29 7.45 11.3 7.45 11.3 8.49 13.14 8.49 13.14 9.21 11.3 9.21 11.3 10.29 13.3 10.29 13.3 11.02Z"
DTS  size=5.6354 bl=10.941 ink 2.655,6.786 -> 13.345,11.002  w=10.69 h=4.216
  d="M4.1 10.94L2.65 10.94 2.65 6.84 4.11 6.84Q4.73 6.84 5.17 7.09 5.62 7.33 5.85 7.79 6.09 8.25 6.09 8.89 6.09 9.53 5.85 9.99 5.62 10.45 5.17 10.69 4.72 10.94 4.1 10.94ZM3.49 7.56L3.49 10.22 4.06 10.22Q4.65 10.22 4.95 9.9 5.26 9.58 5.26 8.89 5.26 8.2 4.95 7.88 4.65 7.56 4.06 7.56L3.49 7.56ZM7.7 7.54L6.45 7.54 6.45 6.84 9.8 6.84 9.8 7.54 8.54 7.54 8.54 10.94 7.7 10.94 7.7 7.54ZM11.76 11Q11.02 11 10.58 10.66 10.14 10.32 10.12 9.67L10.94 9.67Q10.96 9.98 11.19 10.14 11.42 10.29 11.75 10.29 12.09 10.29 12.3 10.15 12.5 10 12.5 9.77 12.5 9.56 12.31 9.44 12.13 9.33 11.79 9.25L11.34 9.14Q10.82 9.01 10.53 8.74 10.23 8.47 10.23 8.02 10.23 7.65 10.43 7.37 10.63 7.09 10.98 6.94 11.33 6.79 11.77 6.79 12.23 6.79 12.57 6.94 12.9 7.1 13.09 7.37 13.28 7.65 13.29 8.01L12.48 8.01Q12.46 7.76 12.27 7.63 12.08 7.49 11.77 7.49 11.44 7.49 11.27 7.63 11.09 7.76 11.09 7.97 11.09 8.19 11.29 8.31 11.49 8.42 11.75 8.48L12.12 8.57Q12.46 8.65 12.74 8.8 13.02 8.95 13.18 9.19 13.35 9.43 13.35 9.77 13.35 10.33 12.93 10.67 12.51 11 11.76 11Z"
NGX  size=5.3605 bl=10.859 ink 2.317,6.907 -> 13.683,10.911  w=11.365 h=4.005
  d="M3.13 10.86L2.32 10.86 2.32 6.96 3.21 6.96 4.44 8.93Q4.56 9.12 4.68 9.35 4.8 9.58 4.93 9.89 4.91 9.6 4.89 9.31 4.88 9.02 4.88 8.83L4.88 6.96 5.7 6.96 5.7 10.86 4.8 10.86 3.68 9.07Q3.58 8.89 3.48 8.73 3.39 8.56 3.3 8.38 3.2 8.19 3.08 7.95 3.1 8.3 3.12 8.6 3.13 8.89 3.13 9.07L3.13 10.86ZM8.02 10.91Q7.48 10.91 7.06 10.67 6.65 10.43 6.42 9.98 6.19 9.53 6.19 8.91 6.19 8.28 6.43 7.83 6.67 7.38 7.08 7.14 7.49 6.91 8.01 6.91 8.44 6.91 8.8 7.07 9.16 7.24 9.38 7.54 9.61 7.83 9.67 8.22L8.86 8.22Q8.77 7.94 8.56 7.78 8.34 7.62 8.02 7.62 7.57 7.62 7.28 7.95 7 8.29 7 8.91 7 9.53 7.28 9.86 7.56 10.2 8.03 10.2 8.44 10.2 8.68 9.98 8.92 9.76 8.93 9.39L8.08 9.39 8.08 8.78 9.71 8.78 9.71 9.27Q9.71 9.78 9.49 10.15 9.27 10.52 8.89 10.71 8.51 10.91 8.02 10.91ZM10.92 10.86L9.99 10.86 11.39 8.86 10.12 6.96 11.04 6.96 11.47 7.61Q11.61 7.82 11.69 7.99 11.77 8.15 11.85 8.31 11.92 8.15 12.01 7.99 12.09 7.82 12.23 7.61L12.66 6.96 13.57 6.96 12.3 8.84 13.68 10.86 12.74 10.86 12.19 10.04Q12.06 9.84 11.99 9.7 11.91 9.57 11.84 9.43 11.76 9.57 11.69 9.7 11.61 9.84 11.48 10.04L10.92 10.86Z"
W  size=8.1095 bl=10.95 ink 3.987,5.05 -> 12.013,10.95  w=8.026 h=5.9
  d="M6.95 10.95L5.57 10.95 3.99 5.05 5.31 5.05 5.99 7.95Q6.08 8.36 6.16 8.82 6.24 9.29 6.31 9.74 6.39 9.29 6.47 8.82 6.55 8.36 6.65 7.95L7.37 5.05 8.63 5.05 9.34 7.95Q9.44 8.36 9.53 8.82 9.61 9.28 9.69 9.73 9.76 9.28 9.84 8.82 9.91 8.36 10.01 7.95L10.69 5.05 12.01 5.05 10.43 10.95 9.05 10.95 8.26 7.93Q8.18 7.61 8.12 7.26 8.06 6.9 7.99 6.52 7.94 6.89 7.88 7.25 7.82 7.6 7.73 7.93L6.95 10.95Z"
T  size=7.5597 bl=10.15 ink 1.454,4.65 -> 5.946,10.15  w=4.492 h=5.5
  d="M3.14 5.58L1.45 5.58 1.45 4.65 5.95 4.65 5.95 5.58 4.27 5.58 4.27 10.15 3.14 10.15 3.14 5.58Z"
E  size=7.5597 bl=11.35 ink 5.796,5.85 -> 9.484,11.35  w=3.688 h=5.5
  d="M9.48 11.35L5.8 11.35 5.8 5.85 9.48 5.85 9.48 6.78 6.92 6.78 6.92 8.11 9.28 8.11 9.28 9.03 6.92 9.03 6.92 10.42 9.48 10.42 9.48 11.35Z"
X  size=7.5597 bl=10.15 ink 9.338,4.65 -> 14.542,10.15  w=5.205 h=5.5
  d="M10.64 10.15L9.34 10.15 11.31 7.34 9.51 4.65 10.82 4.65 11.42 5.57Q11.62 5.87 11.73 6.1 11.84 6.33 11.95 6.55 12.06 6.33 12.18 6.1 12.3 5.87 12.49 5.57L13.1 4.65 14.38 4.65 12.6 7.3 14.54 10.15 13.21 10.15 12.44 9Q12.25 8.71 12.15 8.52 12.05 8.34 11.94 8.13 11.83 8.33 11.73 8.52 11.63 8.71 11.43 9L10.64 10.15Z"
MVN  size=6.5976 bl=10.4 ink 0.714,5.6 -> 15.286,10.4  w=14.571 h=4.8
  d="M1.69 10.4L.71 10.4 .71 5.6 2.22 5.6 3 7.8Q3.05 7.95 3.11 8.2 3.17 8.44 3.24 8.73 3.3 9.01 3.36 9.27 3.41 9.01 3.48 8.73 3.54 8.45 3.6 8.2 3.67 7.96 3.71 7.8L4.48 5.6 5.99 5.6 5.99 10.4 5.01 10.4 5.01 8.14Q5.01 7.95 5.01 7.67 5.02 7.39 5.03 7.07 5.04 6.75 5.04 6.45 4.96 6.77 4.87 7.09 4.78 7.42 4.7 7.69 4.62 7.96 4.56 8.14L3.77 10.4 2.94 10.4 2.13 8.14Q2.08 7.97 2 7.71 1.92 7.44 1.83 7.13 1.74 6.81 1.65 6.49 1.66 6.78 1.67 7.09 1.68 7.4 1.68 7.68 1.69 7.95 1.69 8.14L1.69 10.4ZM9.22 10.4L7.94 10.4 6.25 5.6 7.35 5.6 8.11 7.92Q8.23 8.28 8.34 8.7 8.46 9.12 8.58 9.61 8.71 9.12 8.82 8.7 8.93 8.28 9.04 7.92L9.78 5.6 10.86 5.6 9.22 10.4ZM12.13 10.4L11.13 10.4 11.13 5.6 12.22 5.6 13.74 8.03Q13.88 8.26 14.03 8.55 14.18 8.83 14.34 9.2 14.32 8.85 14.3 8.49 14.28 8.14 14.28 7.9L14.28 5.6 15.29 5.6 15.29 10.4 14.19 10.4 12.81 8.2Q12.68 7.98 12.56 7.78 12.45 7.57 12.33 7.34 12.22 7.11 12.07 6.81 12.09 7.25 12.11 7.62 12.13 7.98 12.13 8.19L12.13 10.4Z"
TEN  size=8.7968 bl=11.2 ink 3.539,4.714 -> 12.461,11.286  w=8.921 h=6.572
  d="M4.95 4.8L6.36 4.8 6.36 11.2 5.05 11.2 5.05 5.96 5 5.96 3.54 6.99 3.54 5.79 4.95 4.8ZM9.9 11.29Q8.69 11.29 8.01 10.42 7.34 9.56 7.34 8 7.34 6.45 8.01 5.58 8.69 4.71 9.9 4.71 11.11 4.71 11.78 5.58 12.46 6.45 12.46 8 12.46 9.56 11.79 10.42 11.11 11.29 9.9 11.29ZM9.9 10.2Q10.49 10.2 10.81 9.63 11.12 9.06 11.12 8 11.12 6.95 10.81 6.37 10.49 5.8 9.9 5.8 9.31 5.8 8.99 6.37 8.67 6.95 8.67 8 8.67 9.06 8.99 9.63 9.3 10.2 9.9 10.2Z"
